Time	Node	AppId	SeqNo	Type	DelayS	DelayUS	RetxCount	HopCount
2.52507	0	0	5	LastDelay	0.0250696	25069.6	1	1
2.52507	0	0	5	FullDelay	0.0250696	25069.6	1	1
3.5	2	0	5	LastDelay	0	0	1	0
3.5	2	0	5	FullDelay	0	0	1	0
3.5	3	0	5	LastDelay	0	0	1	0
3.5	3	0	5	FullDelay	0	0	1	0
3.5	5	0	5	LastDelay	0	0	1	0
3.5	5	0	5	FullDelay	0	0	1	0
3.5	7	0	5	LastDelay	0	0	1	0
3.5	7	0	5	FullDelay	0	0	1	0
3.5	8	0	5	LastDelay	0	0	1	0
3.5	8	0	5	FullDelay	0	0	1	0
3.5	10	0	5	LastDelay	0	0	1	0
3.5	10	0	5	FullDelay	0	0	1	0
3.5	12	0	5	LastDelay	0	0	1	0
3.5	12	0	5	FullDelay	0	0	1	0
3.5	13	0	5	LastDelay	0	0	1	0
3.5	13	0	5	FullDelay	0	0	1	0
3.5	15	0	5	LastDelay	0	0	1	0
3.5	15	0	5	FullDelay	0	0	1	0
3.5	16	0	5	LastDelay	0	0	1	0
3.5	16	0	5	FullDelay	0	0	1	0
3.5	17	0	5	LastDelay	0	0	1	0
3.5	17	0	5	FullDelay	0	0	1	0
3.5	18	0	5	LastDelay	0	0	1	0
3.5	18	0	5	FullDelay	0	0	1	0
3.5	19	0	5	LastDelay	0	0	1	0
3.5	19	0	5	FullDelay	0	0	1	0
3.5	20	0	5	LastDelay	0	0	1	0
3.5	20	0	5	FullDelay	0	0	1	0
3.5	21	0	5	LastDelay	0	0	1	0
3.5	21	0	5	FullDelay	0	0	1	0
3.5	22	0	5	LastDelay	0	0	1	0
3.5	22	0	5	FullDelay	0	0	1	0
3.5	23	0	5	LastDelay	0	0	1	0
3.5	23	0	5	FullDelay	0	0	1	0
3.5	24	0	5	LastDelay	0	0	1	0
3.5	24	0	5	FullDelay	0	0	1	0
3.5	25	0	5	LastDelay	0	0	1	0
3.5	25	0	5	FullDelay	0	0	1	0
3.5	26	0	5	LastDelay	0	0	1	0
3.5	26	0	5	FullDelay	0	0	1	0
3.5	27	0	5	LastDelay	0	0	1	0
3.5	27	0	5	FullDelay	0	0	1	0
3.5	28	0	5	LastDelay	0	0	1	0
3.5	28	0	5	FullDelay	0	0	1	0
3.5	29	0	5	LastDelay	0	0	1	0
3.5	29	0	5	FullDelay	0	0	1	0
3.50049	19	0	1	LastDelay	0.50049	500490	1	0
3.50049	19	0	1	FullDelay	3.00049	3.00049e+06	2	0
3.51048	3	0	1	LastDelay	0.510478	510478	1	1
3.51048	3	0	1	FullDelay	3.01048	3.01048e+06	2	1
3.51851	2	0	1	LastDelay	0.51851	518510	1	1
3.51851	2	0	1	FullDelay	3.01851	3.01851e+06	2	1
3.51851	7	0	1	LastDelay	0.51851	518510	1	1
3.51851	7	0	1	FullDelay	3.01851	3.01851e+06	2	1
3.51851	8	0	1	LastDelay	0.51851	518510	1	1
3.51851	8	0	1	FullDelay	3.01851	3.01851e+06	2	1
3.51851	13	0	1	LastDelay	0.51851	518510	1	1
3.51851	13	0	1	FullDelay	3.01851	3.01851e+06	2	1
3.51851	15	0	1	LastDelay	0.51851	518510	1	1
3.51851	15	0	1	FullDelay	3.01851	3.01851e+06	2	1
3.51851	17	0	1	LastDelay	0.51851	518510	1	1
3.51851	17	0	1	FullDelay	3.01851	3.01851e+06	2	1
3.51851	21	0	1	LastDelay	0.51851	518510	1	1
3.51851	21	0	1	FullDelay	3.01851	3.01851e+06	2	1
3.51851	5	0	1	LastDelay	0.51851	518510	1	1
3.51851	5	0	1	FullDelay	3.01851	3.01851e+06	2	1
3.51851	10	0	1	LastDelay	0.51851	518510	1	1
3.51851	10	0	1	FullDelay	3.01851	3.01851e+06	2	1
3.51851	12	0	1	LastDelay	0.51851	518510	1	1
3.51851	12	0	1	FullDelay	3.01851	3.01851e+06	2	1
3.51851	16	0	1	LastDelay	0.51851	518510	1	1
3.51851	16	0	1	FullDelay	3.01851	3.01851e+06	2	1
3.51851	18	0	1	LastDelay	0.51851	518510	1	1
3.51851	18	0	1	FullDelay	3.01851	3.01851e+06	2	1
3.51851	20	0	1	LastDelay	0.51851	518510	1	1
3.51851	20	0	1	FullDelay	3.01851	3.01851e+06	2	1
3.51851	22	0	1	LastDelay	0.51851	518510	1	1
3.51851	22	0	1	FullDelay	3.01851	3.01851e+06	2	1
3.51851	23	0	1	LastDelay	0.51851	518510	1	1
3.51851	23	0	1	FullDelay	3.01851	3.01851e+06	2	1
3.51851	24	0	1	LastDelay	0.51851	518510	1	1
3.51851	24	0	1	FullDelay	3.01851	3.01851e+06	2	1
3.51851	25	0	1	LastDelay	0.51851	518510	1	1
3.51851	25	0	1	FullDelay	3.01851	3.01851e+06	2	1
3.51851	26	0	1	LastDelay	0.51851	518510	1	1
3.51851	26	0	1	FullDelay	3.01851	3.01851e+06	2	1
3.51851	27	0	1	LastDelay	0.51851	518510	1	1
3.51851	27	0	1	FullDelay	3.01851	3.01851e+06	2	1
3.51851	28	0	1	LastDelay	0.51851	518510	1	1
3.51851	28	0	1	FullDelay	3.01851	3.01851e+06	2	1
3.51851	29	0	1	LastDelay	0.51851	518510	1	1
3.51851	29	0	1	FullDelay	3.01851	3.01851e+06	2	1
3.51851	0	0	1	LastDelay	0.0185103	18510.3	1	1
3.51851	0	0	1	FullDelay	3.01851	3.01851e+06	2	1
4.52474	0	0	3	LastDelay	0.0247432	24743.2	1	1
4.52474	0	0	3	FullDelay	3.52474	3.52474e+06	2	1
5	2	0	3	LastDelay	0	0	1	0
5	2	0	3	FullDelay	3	3e+06	2	0
5	3	0	3	LastDelay	0	0	1	0
5	3	0	3	FullDelay	3	3e+06	2	0
5	5	0	3	LastDelay	0	0	1	0
5	5	0	3	FullDelay	3	3e+06	2	0
5	7	0	3	LastDelay	0	0	1	0
5	7	0	3	FullDelay	3	3e+06	2	0
5	8	0	3	LastDelay	0	0	1	0
5	8	0	3	FullDelay	3	3e+06	2	0
5	10	0	3	LastDelay	0	0	1	0
5	10	0	3	FullDelay	3	3e+06	2	0
5	12	0	3	LastDelay	0	0	1	0
5	12	0	3	FullDelay	3	3e+06	2	0
5	13	0	3	LastDelay	0	0	1	0
5	13	0	3	FullDelay	3	3e+06	2	0
5	15	0	3	LastDelay	0	0	1	0
5	15	0	3	FullDelay	3	3e+06	2	0
5	16	0	3	LastDelay	0	0	1	0
5	16	0	3	FullDelay	3	3e+06	2	0
5	17	0	3	LastDelay	0	0	1	0
5	17	0	3	FullDelay	3	3e+06	2	0
5	18	0	3	LastDelay	0	0	1	0
5	18	0	3	FullDelay	3	3e+06	2	0
5	19	0	3	LastDelay	0	0	1	0
5	19	0	3	FullDelay	3	3e+06	2	0
5	20	0	3	LastDelay	0	0	1	0
5	20	0	3	FullDelay	3	3e+06	2	0
5	21	0	3	LastDelay	0	0	1	0
5	21	0	3	FullDelay	3	3e+06	2	0
5	22	0	3	LastDelay	0	0	1	0
5	22	0	3	FullDelay	3	3e+06	2	0
5	23	0	3	LastDelay	0	0	1	0
5	23	0	3	FullDelay	3	3e+06	2	0
5	24	0	3	LastDelay	0	0	1	0
5	24	0	3	FullDelay	3	3e+06	2	0
5	25	0	3	LastDelay	0	0	1	0
5	25	0	3	FullDelay	3	3e+06	2	0
5	26	0	3	LastDelay	0	0	1	0
5	26	0	3	FullDelay	3	3e+06	2	0
5	27	0	3	LastDelay	0	0	1	0
5	27	0	3	FullDelay	3	3e+06	2	0
5	28	0	3	LastDelay	0	0	1	0
5	28	0	3	FullDelay	3	3e+06	2	0
5	29	0	3	LastDelay	0	0	1	0
5	29	0	3	FullDelay	3	3e+06	2	0
5.50807	19	0	4	LastDelay	0.00806706	8067.06	1	0
5.50807	19	0	4	FullDelay	3.00807	3.00807e+06	2	0
5.5119	3	0	4	LastDelay	0.0119008	11900.8	1	1
5.5119	3	0	4	FullDelay	3.0119	3.0119e+06	2	1
5.5257	2	0	4	LastDelay	0.0257007	25700.7	1	1
5.5257	2	0	4	FullDelay	3.0257	3.0257e+06	2	1
5.5257	7	0	4	LastDelay	0.0257007	25700.7	1	1
5.5257	7	0	4	FullDelay	3.0257	3.0257e+06	2	1
5.5257	8	0	4	LastDelay	0.0257007	25700.7	1	1
5.5257	8	0	4	FullDelay	3.0257	3.0257e+06	2	1
5.5257	13	0	4	LastDelay	0.0257007	25700.7	1	1
5.5257	13	0	4	FullDelay	3.0257	3.0257e+06	2	1
5.5257	15	0	4	LastDelay	0.0257007	25700.7	1	1
5.5257	15	0	4	FullDelay	3.0257	3.0257e+06	2	1
5.5257	17	0	4	LastDelay	0.0257007	25700.7	1	1
5.5257	17	0	4	FullDelay	3.0257	3.0257e+06	2	1
5.5257	21	0	4	LastDelay	0.0257007	25700.7	1	1
5.5257	21	0	4	FullDelay	3.0257	3.0257e+06	2	1
5.5257	10	0	4	LastDelay	0.0257008	25700.8	1	1
5.5257	10	0	4	FullDelay	3.0257	3.0257e+06	2	1
5.5257	12	0	4	LastDelay	0.0257008	25700.8	1	1
5.5257	12	0	4	FullDelay	3.0257	3.0257e+06	2	1
5.5257	16	0	4	LastDelay	0.0257008	25700.8	1	1
5.5257	16	0	4	FullDelay	3.0257	3.0257e+06	2	1
5.5257	18	0	4	LastDelay	0.0257008	25700.8	1	1
5.5257	18	0	4	FullDelay	3.0257	3.0257e+06	2	1
5.5257	20	0	4	LastDelay	0.0257008	25700.8	1	1
5.5257	20	0	4	FullDelay	3.0257	3.0257e+06	2	1
5.5257	22	0	4	LastDelay	0.0257008	25700.8	1	1
5.5257	22	0	4	FullDelay	3.0257	3.0257e+06	2	1
5.5257	23	0	4	LastDelay	0.0257008	25700.8	1	1
5.5257	23	0	4	FullDelay	3.0257	3.0257e+06	2	1
5.5257	24	0	4	LastDelay	0.0257008	25700.8	1	1
5.5257	24	0	4	FullDelay	3.0257	3.0257e+06	2	1
5.5257	25	0	4	LastDelay	0.0257008	25700.8	1	1
5.5257	25	0	4	FullDelay	3.0257	3.0257e+06	2	1
5.5257	26	0	4	LastDelay	0.0257008	25700.8	1	1
5.5257	26	0	4	FullDelay	3.0257	3.0257e+06	2	1
5.5257	27	0	4	LastDelay	0.0257008	25700.8	1	1
5.5257	27	0	4	FullDelay	3.0257	3.0257e+06	2	1
5.5257	28	0	4	LastDelay	0.0257008	25700.8	1	1
5.5257	28	0	4	FullDelay	3.0257	3.0257e+06	2	1
5.5257	29	0	4	LastDelay	0.0257008	25700.8	1	1
5.5257	29	0	4	FullDelay	3.0257	3.0257e+06	2	1
5.5257	5	0	4	LastDelay	0.0257008	25700.8	1	1
5.5257	5	0	4	FullDelay	3.0257	3.0257e+06	2	1
5.5257	0	0	4	LastDelay	0.0257008	25700.8	1	1
5.5257	0	0	4	FullDelay	3.5257	3.5257e+06	2	1
6.51399	19	0	7	LastDelay	0.0139912	13991.2	1	0
6.51399	19	0	7	FullDelay	0.0139912	13991.2	1	0
6.52265	3	0	7	LastDelay	0.0226489	22648.9	1	1
6.52265	3	0	7	FullDelay	0.0226489	22648.9	1	1
6.52894	2	0	7	LastDelay	0.0289392	28939.2	1	1
6.52894	2	0	7	FullDelay	0.0289392	28939.2	1	1
6.52894	7	0	7	LastDelay	0.0289392	28939.2	1	1
6.52894	7	0	7	FullDelay	0.0289392	28939.2	1	1
6.52894	8	0	7	LastDelay	0.0289392	28939.2	1	1
6.52894	8	0	7	FullDelay	0.0289392	28939.2	1	1
6.52894	13	0	7	LastDelay	0.0289392	28939.2	1	1
6.52894	13	0	7	FullDelay	0.0289392	28939.2	1	1
6.52894	15	0	7	LastDelay	0.0289392	28939.2	1	1
6.52894	15	0	7	FullDelay	0.0289392	28939.2	1	1
6.52894	17	0	7	LastDelay	0.0289392	28939.2	1	1
6.52894	17	0	7	FullDelay	0.0289392	28939.2	1	1
6.52894	21	0	7	LastDelay	0.0289392	28939.2	1	1
6.52894	21	0	7	FullDelay	0.0289392	28939.2	1	1
6.52894	10	0	7	LastDelay	0.0289393	28939.3	1	1
6.52894	10	0	7	FullDelay	0.0289393	28939.3	1	1
6.52894	12	0	7	LastDelay	0.0289393	28939.3	1	1
6.52894	12	0	7	FullDelay	0.0289393	28939.3	1	1
6.52894	16	0	7	LastDelay	0.0289393	28939.3	1	1
6.52894	16	0	7	FullDelay	0.0289393	28939.3	1	1
6.52894	18	0	7	LastDelay	0.0289393	28939.3	1	1
6.52894	18	0	7	FullDelay	0.0289393	28939.3	1	1
6.52894	20	0	7	LastDelay	0.0289393	28939.3	1	1
6.52894	20	0	7	FullDelay	0.0289393	28939.3	1	1
6.52894	22	0	7	LastDelay	0.0289393	28939.3	1	1
6.52894	22	0	7	FullDelay	0.0289393	28939.3	1	1
6.52894	23	0	7	LastDelay	0.0289393	28939.3	1	1
6.52894	23	0	7	FullDelay	0.0289393	28939.3	1	1
6.52894	24	0	7	LastDelay	0.0289393	28939.3	1	1
6.52894	24	0	7	FullDelay	0.0289393	28939.3	1	1
6.52894	25	0	7	LastDelay	0.0289393	28939.3	1	1
6.52894	25	0	7	FullDelay	0.0289393	28939.3	1	1
6.52894	26	0	7	LastDelay	0.0289393	28939.3	1	1
6.52894	26	0	7	FullDelay	0.0289393	28939.3	1	1
6.52894	27	0	7	LastDelay	0.0289393	28939.3	1	1
6.52894	27	0	7	FullDelay	0.0289393	28939.3	1	1
6.52894	28	0	7	LastDelay	0.0289393	28939.3	1	1
6.52894	28	0	7	FullDelay	0.0289393	28939.3	1	1
6.52894	29	0	7	LastDelay	0.0289393	28939.3	1	1
6.52894	29	0	7	FullDelay	0.0289393	28939.3	1	1
6.52894	5	0	7	LastDelay	0.0289393	28939.3	1	1
6.52894	5	0	7	FullDelay	0.0289393	28939.3	1	1
6.52894	0	0	7	LastDelay	0.0289393	28939.3	1	1
6.52894	0	0	7	FullDelay	0.0289393	28939.3	1	1
7.50975	19	0	2	LastDelay	0.00975083	9750.83	1	0
7.50975	19	0	2	FullDelay	6.50975	6.50975e+06	3	0
7.51527	3	0	2	LastDelay	0.0152711	15271.1	1	1
7.51527	3	0	2	FullDelay	6.51527	6.51527e+06	3	1
7.5254	2	0	2	LastDelay	0.0254038	25403.8	1	1
7.5254	2	0	2	FullDelay	6.5254	6.5254e+06	3	1
7.5254	7	0	2	LastDelay	0.0254038	25403.8	1	1
7.5254	7	0	2	FullDelay	6.5254	6.5254e+06	3	1
7.5254	8	0	2	LastDelay	0.0254038	25403.8	1	1
7.5254	8	0	2	FullDelay	6.5254	6.5254e+06	3	1
7.5254	13	0	2	LastDelay	0.0254038	25403.8	1	1
7.5254	13	0	2	FullDelay	6.5254	6.5254e+06	3	1
7.5254	15	0	2	LastDelay	0.0254038	25403.8	1	1
7.5254	15	0	2	FullDelay	6.5254	6.5254e+06	3	1
7.5254	17	0	2	LastDelay	0.0254038	25403.8	1	1
7.5254	17	0	2	FullDelay	6.5254	6.5254e+06	3	1
7.5254	21	0	2	LastDelay	0.0254038	25403.8	1	1
7.5254	21	0	2	FullDelay	6.5254	6.5254e+06	3	1
7.5254	10	0	2	LastDelay	0.0254039	25403.9	1	1
7.5254	10	0	2	FullDelay	6.5254	6.5254e+06	3	1
7.5254	12	0	2	LastDelay	0.0254039	25403.9	1	1
7.5254	12	0	2	FullDelay	6.5254	6.5254e+06	3	1
7.5254	16	0	2	LastDelay	0.0254039	25403.9	1	1
7.5254	16	0	2	FullDelay	6.5254	6.5254e+06	3	1
7.5254	18	0	2	LastDelay	0.0254039	25403.9	1	1
7.5254	18	0	2	FullDelay	6.5254	6.5254e+06	3	1
7.5254	20	0	2	LastDelay	0.0254039	25403.9	1	1
7.5254	20	0	2	FullDelay	6.5254	6.5254e+06	3	1
7.5254	22	0	2	LastDelay	0.0254039	25403.9	1	1
7.5254	22	0	2	FullDelay	6.5254	6.5254e+06	3	1
7.5254	23	0	2	LastDelay	0.0254039	25403.9	1	1
7.5254	23	0	2	FullDelay	6.5254	6.5254e+06	3	1
7.5254	24	0	2	LastDelay	0.0254039	25403.9	1	1
7.5254	24	0	2	FullDelay	6.5254	6.5254e+06	3	1
7.5254	25	0	2	LastDelay	0.0254039	25403.9	1	1
7.5254	25	0	2	FullDelay	6.5254	6.5254e+06	3	1
7.5254	26	0	2	LastDelay	0.0254039	25403.9	1	1
7.5254	26	0	2	FullDelay	6.5254	6.5254e+06	3	1
7.5254	27	0	2	LastDelay	0.0254039	25403.9	1	1
7.5254	27	0	2	FullDelay	6.5254	6.5254e+06	3	1
7.5254	28	0	2	LastDelay	0.0254039	25403.9	1	1
7.5254	28	0	2	FullDelay	6.5254	6.5254e+06	3	1
7.5254	29	0	2	LastDelay	0.0254039	25403.9	1	1
7.5254	29	0	2	FullDelay	6.5254	6.5254e+06	3	1
7.5254	5	0	2	LastDelay	0.0254039	25403.9	1	1
7.5254	5	0	2	FullDelay	6.5254	6.5254e+06	3	1
7.5254	0	0	2	LastDelay	0.0254039	25403.9	1	1
7.5254	0	0	2	FullDelay	7.0254	7.0254e+06	3	1
8.51178	19	0	8	LastDelay	0.0117757	11775.7	1	0
8.51178	19	0	8	FullDelay	0.0117757	11775.7	1	0
8.51978	3	0	8	LastDelay	0.0197843	19784.3	1	1
8.51978	3	0	8	FullDelay	0.0197843	19784.3	1	1
8.52917	7	0	8	LastDelay	0.0291673	29167.3	1	1
8.52917	7	0	8	FullDelay	0.0291673	29167.3	1	1
8.52917	8	0	8	LastDelay	0.0291673	29167.3	1	1
8.52917	8	0	8	FullDelay	0.0291673	29167.3	1	1
8.52917	13	0	8	LastDelay	0.0291673	29167.3	1	1
8.52917	13	0	8	FullDelay	0.0291673	29167.3	1	1
8.52917	15	0	8	LastDelay	0.0291673	29167.3	1	1
8.52917	15	0	8	FullDelay	0.0291673	29167.3	1	1
8.52917	17	0	8	LastDelay	0.0291673	29167.3	1	1
8.52917	17	0	8	FullDelay	0.0291673	29167.3	1	1
8.52917	21	0	8	LastDelay	0.0291673	29167.3	1	1
8.52917	21	0	8	FullDelay	0.0291673	29167.3	1	1
8.52917	2	0	8	LastDelay	0.0291673	29167.3	1	1
8.52917	2	0	8	FullDelay	0.0291673	29167.3	1	1
8.52917	10	0	8	LastDelay	0.0291673	29167.3	1	1
8.52917	10	0	8	FullDelay	0.0291673	29167.3	1	1
8.52917	12	0	8	LastDelay	0.0291673	29167.3	1	1
8.52917	12	0	8	FullDelay	0.0291673	29167.3	1	1
8.52917	16	0	8	LastDelay	0.0291673	29167.3	1	1
8.52917	16	0	8	FullDelay	0.0291673	29167.3	1	1
8.52917	18	0	8	LastDelay	0.0291673	29167.3	1	1
8.52917	18	0	8	FullDelay	0.0291673	29167.3	1	1
8.52917	20	0	8	LastDelay	0.0291673	29167.3	1	1
8.52917	20	0	8	FullDelay	0.0291673	29167.3	1	1
8.52917	22	0	8	LastDelay	0.0291673	29167.3	1	1
8.52917	22	0	8	FullDelay	0.0291673	29167.3	1	1
8.52917	23	0	8	LastDelay	0.0291673	29167.3	1	1
8.52917	23	0	8	FullDelay	0.0291673	29167.3	1	1
8.52917	24	0	8	LastDelay	0.0291673	29167.3	1	1
8.52917	24	0	8	FullDelay	0.0291673	29167.3	1	1
8.52917	25	0	8	LastDelay	0.0291673	29167.3	1	1
8.52917	25	0	8	FullDelay	0.0291673	29167.3	1	1
8.52917	26	0	8	LastDelay	0.0291673	29167.3	1	1
8.52917	26	0	8	FullDelay	0.0291673	29167.3	1	1
8.52917	27	0	8	LastDelay	0.0291673	29167.3	1	1
8.52917	27	0	8	FullDelay	0.0291673	29167.3	1	1
8.52917	28	0	8	LastDelay	0.0291673	29167.3	1	1
8.52917	28	0	8	FullDelay	0.0291673	29167.3	1	1
8.52917	29	0	8	LastDelay	0.0291673	29167.3	1	1
8.52917	29	0	8	FullDelay	0.0291673	29167.3	1	1
8.52917	5	0	8	LastDelay	0.0291674	29167.4	1	1
8.52917	5	0	8	FullDelay	0.0291674	29167.4	1	1
8.52917	0	0	8	LastDelay	0.0291674	29167.4	1	1
8.52917	0	0	8	FullDelay	0.0291674	29167.4	1	1
10.5114	19	0	9	LastDelay	0.0113534	11353.4	1	0
10.5114	19	0	9	FullDelay	0.0113534	11353.4	1	0
10.5325	3	0	9	LastDelay	0.0325127	32512.7	1	1
10.5325	3	0	9	FullDelay	0.0325127	32512.7	1	1
10.5341	7	0	9	LastDelay	0.0341357	34135.7	1	1
10.5341	7	0	9	FullDelay	0.0341357	34135.7	1	1
10.5341	8	0	9	LastDelay	0.0341357	34135.7	1	1
10.5341	8	0	9	FullDelay	0.0341357	34135.7	1	1
10.5341	13	0	9	LastDelay	0.0341358	34135.8	1	1
10.5341	13	0	9	FullDelay	0.0341358	34135.8	1	1
10.5341	15	0	9	LastDelay	0.0341358	34135.8	1	1
10.5341	15	0	9	FullDelay	0.0341358	34135.8	1	1
10.5341	17	0	9	LastDelay	0.0341358	34135.8	1	1
10.5341	17	0	9	FullDelay	0.0341358	34135.8	1	1
10.5341	21	0	9	LastDelay	0.0341358	34135.8	1	1
10.5341	21	0	9	FullDelay	0.0341358	34135.8	1	1
10.5341	2	0	9	LastDelay	0.0341358	34135.8	1	1
10.5341	2	0	9	FullDelay	0.0341358	34135.8	1	1
10.5341	12	0	9	LastDelay	0.0341358	34135.8	1	1
10.5341	12	0	9	FullDelay	0.0341358	34135.8	1	1
10.5341	16	0	9	LastDelay	0.0341358	34135.8	1	1
10.5341	16	0	9	FullDelay	0.0341358	34135.8	1	1
10.5341	18	0	9	LastDelay	0.0341358	34135.8	1	1
10.5341	18	0	9	FullDelay	0.0341358	34135.8	1	1
10.5341	20	0	9	LastDelay	0.0341358	34135.8	1	1
10.5341	20	0	9	FullDelay	0.0341358	34135.8	1	1
10.5341	22	0	9	LastDelay	0.0341358	34135.8	1	1
10.5341	22	0	9	FullDelay	0.0341358	34135.8	1	1
10.5341	23	0	9	LastDelay	0.0341358	34135.8	1	1
10.5341	23	0	9	FullDelay	0.0341358	34135.8	1	1
10.5341	24	0	9	LastDelay	0.0341358	34135.8	1	1
10.5341	24	0	9	FullDelay	0.0341358	34135.8	1	1
10.5341	25	0	9	LastDelay	0.0341358	34135.8	1	1
10.5341	25	0	9	FullDelay	0.0341358	34135.8	1	1
10.5341	26	0	9	LastDelay	0.0341358	34135.8	1	1
10.5341	26	0	9	FullDelay	0.0341358	34135.8	1	1
10.5341	27	0	9	LastDelay	0.0341358	34135.8	1	1
10.5341	27	0	9	FullDelay	0.0341358	34135.8	1	1
10.5341	28	0	9	LastDelay	0.0341358	34135.8	1	1
10.5341	28	0	9	FullDelay	0.0341358	34135.8	1	1
10.5341	29	0	9	LastDelay	0.0341358	34135.8	1	1
10.5341	29	0	9	FullDelay	0.0341358	34135.8	1	1
10.5341	10	0	9	LastDelay	0.0341358	34135.8	1	1
10.5341	10	0	9	FullDelay	0.0341358	34135.8	1	1
10.5341	5	0	9	LastDelay	0.0341358	34135.8	1	1
10.5341	5	0	9	FullDelay	0.0341358	34135.8	1	1
10.5341	0	0	9	LastDelay	0.0341359	34135.9	1	1
10.5341	0	0	9	FullDelay	0.0341359	34135.9	1	1
12.5133	19	0	10	LastDelay	0.0133155	13315.5	1	0
12.5133	19	0	10	FullDelay	0.0133155	13315.5	1	0
12.5232	3	0	10	LastDelay	0.0232092	23209.2	1	1
12.5232	3	0	10	FullDelay	0.0232092	23209.2	1	1
12.531	7	0	10	LastDelay	0.0310173	31017.3	1	1
12.531	7	0	10	FullDelay	0.0310173	31017.3	1	1
12.531	8	0	10	LastDelay	0.0310173	31017.3	1	1
12.531	8	0	10	FullDelay	0.0310173	31017.3	1	1
12.531	13	0	10	LastDelay	0.0310173	31017.3	1	1
12.531	13	0	10	FullDelay	0.0310173	31017.3	1	1
12.531	15	0	10	LastDelay	0.0310173	31017.3	1	1
12.531	15	0	10	FullDelay	0.0310173	31017.3	1	1
12.531	17	0	10	LastDelay	0.0310173	31017.3	1	1
12.531	17	0	10	FullDelay	0.0310173	31017.3	1	1
12.531	21	0	10	LastDelay	0.0310173	31017.3	1	1
12.531	21	0	10	FullDelay	0.0310173	31017.3	1	1
12.531	2	0	10	LastDelay	0.0310174	31017.4	1	1
12.531	2	0	10	FullDelay	0.0310174	31017.4	1	1
12.531	12	0	10	LastDelay	0.0310174	31017.4	1	1
12.531	12	0	10	FullDelay	0.0310174	31017.4	1	1
12.531	16	0	10	LastDelay	0.0310174	31017.4	1	1
12.531	16	0	10	FullDelay	0.0310174	31017.4	1	1
12.531	18	0	10	LastDelay	0.0310174	31017.4	1	1
12.531	18	0	10	FullDelay	0.0310174	31017.4	1	1
12.531	20	0	10	LastDelay	0.0310174	31017.4	1	1
12.531	20	0	10	FullDelay	0.0310174	31017.4	1	1
12.531	22	0	10	LastDelay	0.0310174	31017.4	1	1
12.531	22	0	10	FullDelay	0.0310174	31017.4	1	1
12.531	23	0	10	LastDelay	0.0310174	31017.4	1	1
12.531	23	0	10	FullDelay	0.0310174	31017.4	1	1
12.531	24	0	10	LastDelay	0.0310174	31017.4	1	1
12.531	24	0	10	FullDelay	0.0310174	31017.4	1	1
12.531	25	0	10	LastDelay	0.0310174	31017.4	1	1
12.531	25	0	10	FullDelay	0.0310174	31017.4	1	1
12.531	26	0	10	LastDelay	0.0310174	31017.4	1	1
12.531	26	0	10	FullDelay	0.0310174	31017.4	1	1
12.531	27	0	10	LastDelay	0.0310174	31017.4	1	1
12.531	27	0	10	FullDelay	0.0310174	31017.4	1	1
12.531	28	0	10	LastDelay	0.0310174	31017.4	1	1
12.531	28	0	10	FullDelay	0.0310174	31017.4	1	1
12.531	29	0	10	LastDelay	0.0310174	31017.4	1	1
12.531	29	0	10	FullDelay	0.0310174	31017.4	1	1
12.531	10	0	10	LastDelay	0.0310174	31017.4	1	1
12.531	10	0	10	FullDelay	0.0310174	31017.4	1	1
12.531	5	0	10	LastDelay	0.0310174	31017.4	1	1
12.531	5	0	10	FullDelay	0.0310174	31017.4	1	1
12.531	0	0	10	LastDelay	0.0310175	31017.5	1	1
12.531	0	0	10	FullDelay	0.0310175	31017.5	1	1
14.5098	19	0	11	LastDelay	0.00979812	9798.12	1	0
14.5098	19	0	11	FullDelay	0.00979812	9798.12	1	0
14.5146	3	0	11	LastDelay	0.0146259	14625.9	1	1
14.5146	3	0	11	FullDelay	0.0146259	14625.9	1	1
14.527	7	0	11	LastDelay	0.0270332	27033.2	1	1
14.527	7	0	11	FullDelay	0.0270332	27033.2	1	1
14.527	8	0	11	LastDelay	0.0270332	27033.2	1	1
14.527	8	0	11	FullDelay	0.0270332	27033.2	1	1
14.527	13	0	11	LastDelay	0.0270332	27033.2	1	1
14.527	13	0	11	FullDelay	0.0270332	27033.2	1	1
14.527	15	0	11	LastDelay	0.0270332	27033.2	1	1
14.527	15	0	11	FullDelay	0.0270332	27033.2	1	1
14.527	17	0	11	LastDelay	0.0270332	27033.2	1	1
14.527	17	0	11	FullDelay	0.0270332	27033.2	1	1
14.527	21	0	11	LastDelay	0.0270332	27033.2	1	1
14.527	21	0	11	FullDelay	0.0270332	27033.2	1	1
14.527	2	0	11	LastDelay	0.0270332	27033.2	1	1
14.527	2	0	11	FullDelay	0.0270332	27033.2	1	1
14.527	12	0	11	LastDelay	0.0270332	27033.2	1	1
14.527	12	0	11	FullDelay	0.0270332	27033.2	1	1
14.527	16	0	11	LastDelay	0.0270332	27033.2	1	1
14.527	16	0	11	FullDelay	0.0270332	27033.2	1	1
14.527	18	0	11	LastDelay	0.0270332	27033.2	1	1
14.527	18	0	11	FullDelay	0.0270332	27033.2	1	1
14.527	20	0	11	LastDelay	0.0270332	27033.2	1	1
14.527	20	0	11	FullDelay	0.0270332	27033.2	1	1
14.527	22	0	11	LastDelay	0.0270332	27033.2	1	1
14.527	22	0	11	FullDelay	0.0270332	27033.2	1	1
14.527	23	0	11	LastDelay	0.0270332	27033.2	1	1
14.527	23	0	11	FullDelay	0.0270332	27033.2	1	1
14.527	24	0	11	LastDelay	0.0270332	27033.2	1	1
14.527	24	0	11	FullDelay	0.0270332	27033.2	1	1
14.527	25	0	11	LastDelay	0.0270332	27033.2	1	1
14.527	25	0	11	FullDelay	0.0270332	27033.2	1	1
14.527	26	0	11	LastDelay	0.0270332	27033.2	1	1
14.527	26	0	11	FullDelay	0.0270332	27033.2	1	1
14.527	27	0	11	LastDelay	0.0270332	27033.2	1	1
14.527	27	0	11	FullDelay	0.0270332	27033.2	1	1
14.527	28	0	11	LastDelay	0.0270332	27033.2	1	1
14.527	28	0	11	FullDelay	0.0270332	27033.2	1	1
14.527	29	0	11	LastDelay	0.0270332	27033.2	1	1
14.527	29	0	11	FullDelay	0.0270332	27033.2	1	1
14.527	10	0	11	LastDelay	0.0270333	27033.3	1	1
14.527	10	0	11	FullDelay	0.0270333	27033.3	1	1
14.527	5	0	11	LastDelay	0.0270333	27033.3	1	1
14.527	5	0	11	FullDelay	0.0270333	27033.3	1	1
14.527	0	0	11	LastDelay	0.0270334	27033.4	1	1
14.527	0	0	11	FullDelay	0.0270334	27033.4	1	1
15.5125	19	0	6	LastDelay	0.0125071	12507.1	1	0
15.5125	19	0	6	FullDelay	9.51251	9.51251e+06	6	0
15.52	3	0	6	LastDelay	0.0200013	20001.3	1	1
15.52	3	0	6	FullDelay	9.52	9.52e+06	6	1
15.5303	7	0	6	LastDelay	0.0302718	30271.8	1	1
15.5303	7	0	6	FullDelay	9.53027	9.53027e+06	6	1
15.5303	8	0	6	LastDelay	0.0302719	30271.9	1	1
15.5303	8	0	6	FullDelay	9.53027	9.53027e+06	6	1
15.5303	2	0	6	LastDelay	0.0302719	30271.9	1	1
15.5303	2	0	6	FullDelay	9.53027	9.53027e+06	6	1
15.5303	13	0	6	LastDelay	0.0302719	30271.9	1	1
15.5303	13	0	6	FullDelay	9.53027	9.53027e+06	6	1
15.5303	15	0	6	LastDelay	0.0302719	30271.9	1	1
15.5303	15	0	6	FullDelay	9.53027	9.53027e+06	6	1
15.5303	17	0	6	LastDelay	0.0302719	30271.9	1	1
15.5303	17	0	6	FullDelay	9.53027	9.53027e+06	6	1
15.5303	21	0	6	LastDelay	0.0302719	30271.9	1	1
15.5303	21	0	6	FullDelay	9.53027	9.53027e+06	6	1
15.5303	16	0	6	LastDelay	0.0302719	30271.9	1	1
15.5303	16	0	6	FullDelay	9.53027	9.53027e+06	6	1
15.5303	18	0	6	LastDelay	0.0302719	30271.9	1	1
15.5303	18	0	6	FullDelay	9.53027	9.53027e+06	6	1
15.5303	20	0	6	LastDelay	0.0302719	30271.9	1	1
15.5303	20	0	6	FullDelay	9.53027	9.53027e+06	6	1
15.5303	22	0	6	LastDelay	0.0302719	30271.9	1	1
15.5303	22	0	6	FullDelay	9.53027	9.53027e+06	6	1
15.5303	23	0	6	LastDelay	0.0302719	30271.9	1	1
15.5303	23	0	6	FullDelay	9.53027	9.53027e+06	6	1
15.5303	24	0	6	LastDelay	0.0302719	30271.9	1	1
15.5303	24	0	6	FullDelay	9.53027	9.53027e+06	6	1
15.5303	25	0	6	LastDelay	0.0302719	30271.9	1	1
15.5303	25	0	6	FullDelay	9.53027	9.53027e+06	6	1
15.5303	26	0	6	LastDelay	0.0302719	30271.9	1	1
15.5303	26	0	6	FullDelay	9.53027	9.53027e+06	6	1
15.5303	27	0	6	LastDelay	0.0302719	30271.9	1	1
15.5303	27	0	6	FullDelay	9.53027	9.53027e+06	6	1
15.5303	28	0	6	LastDelay	0.0302719	30271.9	1	1
15.5303	28	0	6	FullDelay	9.53027	9.53027e+06	6	1
15.5303	29	0	6	LastDelay	0.0302719	30271.9	1	1
15.5303	29	0	6	FullDelay	9.53027	9.53027e+06	6	1
15.5303	12	0	6	LastDelay	0.0302719	30271.9	1	1
15.5303	12	0	6	FullDelay	9.53027	9.53027e+06	6	1
15.5303	10	0	6	LastDelay	0.0302719	30271.9	1	1
15.5303	10	0	6	FullDelay	9.53027	9.53027e+06	6	1
15.5303	5	0	6	LastDelay	0.030272	30272	1	1
15.5303	5	0	6	FullDelay	9.53027	9.53027e+06	6	1
88.5079	19	0	23	LastDelay	0.507882	507882	1	0
88.5079	19	0	23	FullDelay	65.5079	6.55079e+07	6	0
89.5052	19	0	25	LastDelay	0.00523986	5239.86	1	0
89.5052	19	0	25	FullDelay	65.0052	6.50052e+07	6	0
89.5163	3	0	25	LastDelay	0.0163456	16345.6	1	1
89.5163	3	0	25	FullDelay	65.0163	6.50163e+07	6	1
89.5222	13	0	25	LastDelay	0.0222216	22221.6	1	1
89.5222	13	0	25	FullDelay	65.0222	6.50222e+07	6	1
89.5222	24	0	25	LastDelay	0.0222216	22221.6	1	1
89.5222	24	0	25	FullDelay	65.0222	6.50222e+07	6	1
89.5222	16	0	25	LastDelay	0.0222216	22221.6	1	1
89.5222	16	0	25	FullDelay	65.0222	6.50222e+07	6	1
89.5222	7	0	25	LastDelay	0.0222216	22221.6	1	1
89.5222	7	0	25	FullDelay	65.0222	6.50222e+07	6	1
89.5222	21	0	25	LastDelay	0.0222216	22221.6	1	1
89.5222	21	0	25	FullDelay	65.0222	6.50222e+07	6	1
89.5222	15	0	25	LastDelay	0.0222216	22221.6	1	1
89.5222	15	0	25	FullDelay	65.0222	6.50222e+07	6	1
89.5222	2	0	25	LastDelay	0.0222217	22221.7	1	1
89.5222	2	0	25	FullDelay	65.0222	6.50222e+07	6	1
89.5222	10	0	25	LastDelay	0.0222217	22221.7	1	1
89.5222	10	0	25	FullDelay	65.0222	6.50222e+07	6	1
89.5222	12	0	25	LastDelay	0.0222217	22221.7	1	1
89.5222	12	0	25	FullDelay	65.0222	6.50222e+07	6	1
89.5222	8	0	25	LastDelay	0.0222217	22221.7	1	1
89.5222	8	0	25	FullDelay	65.0222	6.50222e+07	6	1
89.5222	23	0	25	LastDelay	0.0222217	22221.7	1	1
89.5222	23	0	25	FullDelay	65.0222	6.50222e+07	6	1
89.5222	22	0	25	LastDelay	0.0222217	22221.7	1	1
89.5222	22	0	25	FullDelay	65.0222	6.50222e+07	6	1
89.5222	0	0	25	LastDelay	0.0222218	22221.8	1	1
89.5222	0	0	25	FullDelay	65.0222	6.50222e+07	6	1
91.5064	19	0	29	LastDelay	0.00644968	6449.68	1	0
91.5064	19	0	29	FullDelay	65.0064	6.50064e+07	6	0
91.5175	3	0	29	LastDelay	0.017506	17506	1	1
91.5175	3	0	29	FullDelay	65.0175	6.50175e+07	6	1
91.5239	13	0	29	LastDelay	0.023858	23858	1	1
91.5239	13	0	29	FullDelay	65.0239	6.50239e+07	6	1
91.5239	24	0	29	LastDelay	0.023858	23858	1	1
91.5239	24	0	29	FullDelay	65.0239	6.50239e+07	6	1
91.5239	16	0	29	LastDelay	0.023858	23858	1	1
91.5239	16	0	29	FullDelay	65.0239	6.50239e+07	6	1
91.5239	7	0	29	LastDelay	0.023858	23858	1	1
91.5239	7	0	29	FullDelay	65.0239	6.50239e+07	6	1
91.5239	21	0	29	LastDelay	0.023858	23858	1	1
91.5239	21	0	29	FullDelay	65.0239	6.50239e+07	6	1
91.5239	15	0	29	LastDelay	0.023858	23858	1	1
91.5239	15	0	29	FullDelay	65.0239	6.50239e+07	6	1
91.5239	2	0	29	LastDelay	0.023858	23858	1	1
91.5239	2	0	29	FullDelay	65.0239	6.50239e+07	6	1
91.5239	10	0	29	LastDelay	0.023858	23858	1	1
91.5239	10	0	29	FullDelay	65.0239	6.50239e+07	6	1
91.5239	12	0	29	LastDelay	0.023858	23858	1	1
91.5239	12	0	29	FullDelay	65.0239	6.50239e+07	6	1
91.5239	8	0	29	LastDelay	0.023858	23858	1	1
91.5239	8	0	29	FullDelay	65.0239	6.50239e+07	6	1
91.5239	23	0	29	LastDelay	0.023858	23858	1	1
91.5239	23	0	29	FullDelay	65.0239	6.50239e+07	6	1
91.5239	22	0	29	LastDelay	0.023858	23858	1	1
91.5239	22	0	29	FullDelay	65.0239	6.50239e+07	6	1
91.5239	0	0	29	LastDelay	0.0238581	23858.1	1	1
91.5239	0	0	29	FullDelay	65.0239	6.50239e+07	6	1
91.5239	17	0	29	LastDelay	0.0238583	23858.3	1	1
91.5239	17	0	29	FullDelay	65.0239	6.50239e+07	6	1
92.509	19	0	31	LastDelay	0.00895958	8959.58	1	0
92.509	19	0	31	FullDelay	65.009	6.5009e+07	6	0
92.514	3	0	31	LastDelay	0.0139703	13970.3	1	1
92.514	3	0	31	FullDelay	65.014	6.5014e+07	6	1
92.5198	13	0	31	LastDelay	0.0198358	19835.8	1	1
92.5198	13	0	31	FullDelay	65.0198	6.50198e+07	6	1
92.5198	24	0	31	LastDelay	0.0198358	19835.8	1	1
92.5198	24	0	31	FullDelay	65.0198	6.50198e+07	6	1
92.5198	16	0	31	LastDelay	0.0198358	19835.8	1	1
92.5198	16	0	31	FullDelay	65.0198	6.50198e+07	6	1
92.5198	7	0	31	LastDelay	0.0198358	19835.8	1	1
92.5198	7	0	31	FullDelay	65.0198	6.50198e+07	6	1
92.5198	21	0	31	LastDelay	0.0198358	19835.8	1	1
92.5198	21	0	31	FullDelay	65.0198	6.50198e+07	6	1
92.5198	15	0	31	LastDelay	0.0198358	19835.8	1	1
92.5198	15	0	31	FullDelay	65.0198	6.50198e+07	6	1
92.5198	2	0	31	LastDelay	0.0198358	19835.8	1	1
92.5198	2	0	31	FullDelay	65.0198	6.50198e+07	6	1
92.5198	10	0	31	LastDelay	0.0198358	19835.8	1	1
92.5198	10	0	31	FullDelay	65.0198	6.50198e+07	6	1
92.5198	12	0	31	LastDelay	0.0198358	19835.8	1	1
92.5198	12	0	31	FullDelay	65.0198	6.50198e+07	6	1
92.5198	8	0	31	LastDelay	0.0198358	19835.8	1	1
92.5198	8	0	31	FullDelay	65.0198	6.50198e+07	6	1
92.5198	23	0	31	LastDelay	0.0198358	19835.8	1	1
92.5198	23	0	31	FullDelay	65.0198	6.50198e+07	6	1
92.5198	22	0	31	LastDelay	0.0198358	19835.8	1	1
92.5198	22	0	31	FullDelay	65.0198	6.50198e+07	6	1
92.5198	0	0	31	LastDelay	0.0198359	19835.9	1	1
92.5198	0	0	31	FullDelay	65.0198	6.50198e+07	6	1
92.5198	17	0	31	LastDelay	0.0198361	19836.1	1	1
92.5198	17	0	31	FullDelay	65.0198	6.50198e+07	6	1
93.5089	19	0	33	LastDelay	0.00889647	8896.47	1	0
93.5089	19	0	33	FullDelay	65.0089	6.50089e+07	6	0
93.5197	3	0	33	LastDelay	0.0197259	19725.9	1	1
93.5197	3	0	33	FullDelay	65.0197	6.50197e+07	6	1
93.5225	13	0	33	LastDelay	0.0225139	22513.9	1	1
93.5225	13	0	33	FullDelay	65.0225	6.50225e+07	6	1
93.5225	24	0	33	LastDelay	0.0225139	22513.9	1	1
93.5225	24	0	33	FullDelay	65.0225	6.50225e+07	6	1
93.5225	16	0	33	LastDelay	0.0225139	22513.9	1	1
93.5225	16	0	33	FullDelay	65.0225	6.50225e+07	6	1
93.5225	7	0	33	LastDelay	0.0225139	22513.9	1	1
93.5225	7	0	33	FullDelay	65.0225	6.50225e+07	6	1
93.5225	21	0	33	LastDelay	0.0225139	22513.9	1	1
93.5225	21	0	33	FullDelay	65.0225	6.50225e+07	6	1
93.5225	15	0	33	LastDelay	0.0225139	22513.9	1	1
93.5225	15	0	33	FullDelay	65.0225	6.50225e+07	6	1
93.5225	2	0	33	LastDelay	0.0225139	22513.9	1	1
93.5225	2	0	33	FullDelay	65.0225	6.50225e+07	6	1
93.5225	10	0	33	LastDelay	0.0225139	22513.9	1	1
93.5225	10	0	33	FullDelay	65.0225	6.50225e+07	6	1
93.5225	12	0	33	LastDelay	0.0225139	22513.9	1	1
93.5225	12	0	33	FullDelay	65.0225	6.50225e+07	6	1
93.5225	8	0	33	LastDelay	0.0225139	22513.9	1	1
93.5225	8	0	33	FullDelay	65.0225	6.50225e+07	6	1
93.5225	23	0	33	LastDelay	0.0225139	22513.9	1	1
93.5225	23	0	33	FullDelay	65.0225	6.50225e+07	6	1
93.5225	22	0	33	LastDelay	0.0225139	22513.9	1	1
93.5225	22	0	33	FullDelay	65.0225	6.50225e+07	6	1
93.5225	0	0	33	LastDelay	0.022514	22514	1	1
93.5225	0	0	33	FullDelay	65.0225	6.50225e+07	6	1
93.5225	17	0	33	LastDelay	0.0225141	22514.1	1	1
93.5225	17	0	33	FullDelay	65.0225	6.50225e+07	6	1
95.531	0	0	6	LastDelay	0.0310006	31000.6	1	1
95.531	0	0	6	FullDelay	89.531	8.9531e+07	13	1
96.5048	19	0	15	LastDelay	0.00476593	4765.93	1	0
96.5048	19	0	15	FullDelay	78.0048	7.80048e+07	7	0
96.5132	3	0	15	LastDelay	0.0131973	13197.3	1	1
96.5132	3	0	15	FullDelay	78.0132	7.80132e+07	7	1
96.5204	13	0	15	LastDelay	0.0203817	20381.7	1	1
96.5204	13	0	15	FullDelay	78.0204	7.80204e+07	7	1
96.5204	24	0	15	LastDelay	0.0203817	20381.7	1	1
96.5204	24	0	15	FullDelay	78.0204	7.80204e+07	7	1
96.5204	16	0	15	LastDelay	0.0203817	20381.7	1	1
96.5204	16	0	15	FullDelay	78.0204	7.80204e+07	7	1
96.5204	7	0	15	LastDelay	0.0203817	20381.7	1	1
96.5204	7	0	15	FullDelay	78.0204	7.80204e+07	7	1
96.5204	21	0	15	LastDelay	0.0203817	20381.7	1	1
96.5204	21	0	15	FullDelay	78.0204	7.80204e+07	7	1
96.5204	15	0	15	LastDelay	0.0203817	20381.7	1	1
96.5204	15	0	15	FullDelay	78.0204	7.80204e+07	7	1
96.5204	0	0	15	LastDelay	0.0203817	20381.7	1	1
96.5204	0	0	15	FullDelay	78.0204	7.80204e+07	7	1
96.5204	2	0	15	LastDelay	0.0203817	20381.7	1	1
96.5204	2	0	15	FullDelay	78.0204	7.80204e+07	7	1
96.5204	10	0	15	LastDelay	0.0203818	20381.8	1	1
96.5204	10	0	15	FullDelay	78.0204	7.80204e+07	7	1
96.5204	12	0	15	LastDelay	0.0203818	20381.8	1	1
96.5204	12	0	15	FullDelay	78.0204	7.80204e+07	7	1
96.5204	8	0	15	LastDelay	0.0203818	20381.8	1	1
96.5204	8	0	15	FullDelay	78.0204	7.80204e+07	7	1
96.5204	23	0	15	LastDelay	0.0203818	20381.8	1	1
96.5204	23	0	15	FullDelay	78.0204	7.80204e+07	7	1
96.5204	22	0	15	LastDelay	0.0203818	20381.8	1	1
96.5204	22	0	15	FullDelay	78.0204	7.80204e+07	7	1
96.5204	17	0	15	LastDelay	0.0203819	20381.9	1	1
96.5204	17	0	15	FullDelay	78.0204	7.80204e+07	7	1
96.5204	27	0	15	LastDelay	0.020382	20382	1	1
96.5204	27	0	15	FullDelay	78.0204	7.80204e+07	7	1
97.5074	19	0	0	LastDelay	1.50744	1.50744e+06	1	0
97.5074	19	0	0	FullDelay	97.5074	9.75074e+07	19	0
97.5105	3	0	0	LastDelay	1.5105	1.5105e+06	1	1
97.5105	3	0	0	FullDelay	97.5105	9.75105e+07	19	1
97.5179	13	0	0	LastDelay	1.51786	1.51786e+06	1	1
97.5179	13	0	0	FullDelay	97.5179	9.75179e+07	19	1
97.5179	24	0	0	LastDelay	1.51786	1.51786e+06	1	1
97.5179	24	0	0	FullDelay	97.5179	9.75179e+07	19	1
97.5179	16	0	0	LastDelay	1.51786	1.51786e+06	1	1
97.5179	16	0	0	FullDelay	97.5179	9.75179e+07	19	1
97.5179	7	0	0	LastDelay	1.51786	1.51786e+06	1	1
97.5179	7	0	0	FullDelay	97.5179	9.75179e+07	19	1
97.5179	21	0	0	LastDelay	1.51786	1.51786e+06	1	1
97.5179	21	0	0	FullDelay	97.5179	9.75179e+07	19	1
97.5179	15	0	0	LastDelay	1.51786	1.51786e+06	1	1
97.5179	15	0	0	FullDelay	97.5179	9.75179e+07	19	1
97.5179	0	0	0	LastDelay	0.0178627	17862.7	1	1
97.5179	0	0	0	FullDelay	97.5179	9.75179e+07	20	1
97.5179	2	0	0	LastDelay	1.51786	1.51786e+06	1	1
97.5179	2	0	0	FullDelay	97.5179	9.75179e+07	19	1
97.5179	10	0	0	LastDelay	1.51786	1.51786e+06	1	1
97.5179	10	0	0	FullDelay	97.5179	9.75179e+07	19	1
97.5179	12	0	0	LastDelay	1.51786	1.51786e+06	1	1
97.5179	12	0	0	FullDelay	97.5179	9.75179e+07	19	1
97.5179	8	0	0	LastDelay	1.51786	1.51786e+06	1	1
97.5179	8	0	0	FullDelay	97.5179	9.75179e+07	19	1
97.5179	23	0	0	LastDelay	1.51786	1.51786e+06	1	1
97.5179	23	0	0	FullDelay	97.5179	9.75179e+07	19	1
97.5179	22	0	0	LastDelay	1.51786	1.51786e+06	1	1
97.5179	22	0	0	FullDelay	97.5179	9.75179e+07	19	1
97.5179	17	0	0	LastDelay	1.51786	1.51786e+06	1	1
97.5179	17	0	0	FullDelay	97.5179	9.75179e+07	19	1
97.5179	27	0	0	LastDelay	1.51786	1.51786e+06	1	1
97.5179	27	0	0	FullDelay	97.5179	9.75179e+07	19	1
98.5081	19	0	18	LastDelay	0.00805119	8051.19	1	0
98.5081	19	0	18	FullDelay	78.0081	7.80081e+07	7	0
98.5156	3	0	18	LastDelay	0.015606	15606	1	1
98.5156	3	0	18	FullDelay	78.0156	7.80156e+07	7	1
98.5211	13	0	18	LastDelay	0.0211338	21133.8	1	1
98.5211	13	0	18	FullDelay	78.0211	7.80211e+07	7	1
98.5211	24	0	18	LastDelay	0.0211338	21133.8	1	1
98.5211	24	0	18	FullDelay	78.0211	7.80211e+07	7	1
98.5211	16	0	18	LastDelay	0.0211338	21133.8	1	1
98.5211	16	0	18	FullDelay	78.0211	7.80211e+07	7	1
98.5211	7	0	18	LastDelay	0.0211338	21133.8	1	1
98.5211	7	0	18	FullDelay	78.0211	7.80211e+07	7	1
98.5211	21	0	18	LastDelay	0.0211338	21133.8	1	1
98.5211	21	0	18	FullDelay	78.0211	7.80211e+07	7	1
98.5211	15	0	18	LastDelay	0.0211338	21133.8	1	1
98.5211	15	0	18	FullDelay	78.0211	7.80211e+07	7	1
98.5211	0	0	18	LastDelay	0.0211338	21133.8	1	1
98.5211	0	0	18	FullDelay	78.0211	7.80211e+07	7	1
98.5211	2	0	18	LastDelay	0.0211338	21133.8	1	1
98.5211	2	0	18	FullDelay	78.0211	7.80211e+07	7	1
98.5211	10	0	18	LastDelay	0.0211338	21133.8	1	1
98.5211	10	0	18	FullDelay	78.0211	7.80211e+07	7	1
98.5211	12	0	18	LastDelay	0.0211338	21133.8	1	1
98.5211	12	0	18	FullDelay	78.0211	7.80211e+07	7	1
98.5211	8	0	18	LastDelay	0.0211338	21133.8	1	1
98.5211	8	0	18	FullDelay	78.0211	7.80211e+07	7	1
98.5211	23	0	18	LastDelay	0.0211338	21133.8	1	1
98.5211	23	0	18	FullDelay	78.0211	7.80211e+07	7	1
98.5211	22	0	18	LastDelay	0.0211338	21133.8	1	1
98.5211	22	0	18	FullDelay	78.0211	7.80211e+07	7	1
98.5211	17	0	18	LastDelay	0.0211339	21133.9	1	1
98.5211	17	0	18	FullDelay	78.0211	7.80211e+07	7	1
98.5211	27	0	18	LastDelay	0.021134	21134	1	1
98.5211	27	0	18	FullDelay	78.0211	7.80211e+07	7	1
99.504	19	0	20	LastDelay	0.00395981	3959.81	1	0
99.504	19	0	20	FullDelay	78.004	7.8004e+07	7	0
99.5083	3	0	20	LastDelay	0.00833539	8335.39	1	1
99.5083	3	0	20	FullDelay	78.0083	7.80083e+07	7	1
